3670.0,0.41396817673667874
3673.3499918437556,0.41371085211595565
3676.7030415745294,0.412934162342372
3680.059151983572,0.4118838721019935
3683.418325864685,0.4102482699233375
3686.780566014218,0.4081596513679538
3690.1458752310755,0.40567077773899374
3693.5142563167137,0.4026550970349865
3696.8857120751495,0.39923381222664567
3700.2602453129557,0.3953160461159867
3703.63785883927,0.38644112971989236
3707.0185554657924,0.38083925485201925
3710.40233800679,0.374670029948378
3713.7892092790994,0.3713965379060149
3717.179172102128,0.36124374017261673
3720.572229297856,0.3537742616864165
3723.9683836908407,0.3460979906963054
3727.3676381082164,0.3378845119849981
3730.769995379699,0.32559707576155905
3734.1754583375878,0.3166215079958011
3737.584029816766,0.30713260544201326
3740.9957126547056,0.292542539145865
3744.410509691468,0.28220915350606585
3747.8284237697085,0.2720352704197253
3751.2494577346743,0.26177282398179264
3754.6736144342126,0.2510815325842261
3758.1008967187686,0.21261425759682556
3761.5313074413893,0.20067992856823755
3764.9648494577286,0.18843291026664896
3768.4015256260423,0.19926065949080596
3771.8413388071986,0.18832890334931746
3775.284291864677,0.2265294149093989
3778.7303876645697,0.24477928390395795
3782.179629075586,0.23737273671559397
3785.6320189690523,0.23082796005274958
3789.087560218918,0.2297731207757377
3792.546255701755,0.22320430234932037
3796.0081082967595,0.22397935001575495
3799.4731208857584,0.21813269565610008
3802.9412963532077,0.24866080453684075
3806.4126375861956,0.2580576569894472
3809.8871474744474,0.25404905246344156
3813.364828910325,0.2590135054084517
3816.84568478883,0.24870005650753432
3820.329718007609,0.24558188724960725
3823.8169314669503,0.3271386063228177
3827.307328069792,0.3251858140499186
3830.8009107217217,0.32447112360761743
3834.297682330978,0.3360661036712053
3837.7976458084554,0.33465821858180084
3841.3008040677046,0.2922593089457301
3844.8071600249364,0.3341823146126521
3848.3167165990226,0.33287612915851955
3851.829476711501,0.29052141862246894
3855.3454432865756,0.3459223932901633
3858.864619251118,0.3446226215840796
3862.3870075346736,0.34333613436743793
3865.9126110694615,0.3420522141716632
3869.441432790376,0.34295293939249927
3872.9734756349912,0.4291976189646519
3876.508742543563,0.42784035389003666
3880.0472364590323,0.4348526004578887
3883.5889603270225,0.42756876308187014
3887.13391709585,0.42623393087561384
3890.68210971652,0.44367493037714356
3894.233541142732,0.4597470087821249
3897.7882143308816,0.4583990438394026
3901.346132240063,0.4668368900734202
3904.907297832072,0.47764365587389696
3908.4717140714074,0.4762982238814899
3912.039383925274,0.6804964387951787
3915.610310363585,0.6805286858429583
3919.1844963589647,0.6789985566709376
3922.7619448867517,0.6790383457498103
3926.3426589249984,0.6775259502099897
3929.926641454478,0.5951254192925343
3933.513895458683,0.5595067533246745
3937.1044239238295,0.558136668161338
3940.69822983886,0.5581560524993641
3944.295316195444,0.5581877298175724
3947.8956859879827,0.5568411311018577
3951.4993422136117,0.5568924093796356
3955.1062878722014,0.598092580091445
3958.7165259663593,0.5967299172680479
3962.3300595014352,0.5972926494614902
3965.946891485523,0.6244810269130404
3969.5670249294585,0.6231161714352574
3973.190462846831,0.6585976814498528
3976.817208253977,0.6587416776554232
3980.447264169987,0.6573680870475515
3984.0806336167097,0.657519159854422
3987.7173196187487,0.6874535346162325
3991.3573252034694,0.6860772282678224
3995.000653401003,0.6804150734546766
3998.6473072442436,0.6891187389621428
4002.2972897688546,0.6877646659911049
4005.9506040132724,0.679453641914412
4009.607253018704,0.6936305538297347
4013.2672398291334,0.6922961714575336
4016.930567491325,0.6785709801962788
4020.5972390548204,0.6745723149094047
4024.2672575719484,0.6732779794331947
4027.940626097824,0.6374012692306325
4031.6173476903477,0.5366231251968423
4035.297425410213,0.5354687666323376
4038.980862320909,0.5356576532475784
4042.6676614887183,0.5913229860993223
4046.357825982725,0.5901442033890454
4050.0513588748117,0.5903812304014605
4053.748263239669,0.4846162819427586
4057.448542154789,0.48354630216844285
4061.1521987004776,0.4592142031644402
4064.859235959851,0.41764112497728567
4068.569657018837,0.41664481213164856
4072.2834649661854,0.3833200453743583
4076.0006628934602,0.34332514298526706
4079.7212538950507,0.34240614693661797
4083.4452410681693,0.272938596680769
4087.1726275128567,0.23974028223376032
4090.903416331982,0.23891880990497513
4094.637610631248,0.23284438076509756
4098.375213519191,0.23295316205082855
4102.116228107186,0.23215297377812943
4105.860657509447,0.24208361498997388
4109.608504843032,0.23239889712189962
4113.359773227842,0.2316151272899768
4117.114465786629,0.2307432017257698
4120.872585644992,0.23087599799341701
4124.634135931387,0.2301092822691216
4128.399119777122,0.2043287168271189
4132.1675403163645,0.16848072937837827
4135.939400686145,0.16777416031677386
4139.7147040263535,0.1400811795930982
4143.49345347975,0.13432625358888026
4147.275652191961,0.13365830536307644
4151.061303311484,0.13376845669185872
4154.850409989693,0.1338827835003711
4158.642975380835,0.1340047905170936
4162.439002642039,0.1333561835638726
4166.238494933315,0.12833346025595155
4170.041455417557,0.12095296378647621
4173.847887260547,0.12032726143431594
4177.657793630956,0.07195699714802188
4181.471177700348,0.07206076507036813
4185.288042643181,0.07148065733011684
4189.108391636812,0.0715958493566817
4192.932227861496,0.054080930850980376
4196.759554500394,0.05352545817898459
4200.590374739572,0.05364065657504365
4204.424691768001,0.054542242892160045
4208.262508777569,0.05466267227931692
4212.103828963069,0.054124182833226515
4215.948655522219,0.07406244536391789
4219.79699165565,0.13437157511621192
4223.648840566918,0.133798578258657
4227.504205462501,0.23715034280703046
4231.363089551804,0.2462220745588697
4235.225496047163,0.2455982066030319
4239.091428163845,0.2941646451860579
4242.960889120054,0.3214374687951044
4246.833882136928,0.42808714610625875
4250.710410438548,0.42738212179871743
4254.590477251937,0.47713012119068465
4258.474085807064,0.5212889955076636
4262.361239336846,0.5205513437239644
4266.251941077151,0.6520193140566756
4270.146194266801,0.6526526876596639
4274.044002147575,0.6518647784124302
4277.945367964209,0.6525110929905705
4281.850294964404,0.6531699819671399
4285.758786398822,0.6422157116393334
4289.6708455210955,0.6414618802457592
4293.586475587823,0.642130744862677
4297.505679858581,0.6483293220938738
4301.428461595916,0.6475937939397899
4305.354824065356,0.668176889866894
4309.28477053541,0.648971344140235
4313.218304277566,0.7126875298597511
4317.155428566304,0.7119497041006547
4321.09614667909,0.7127244765859198
4325.040461896382,0.7481865901658972
4328.9883775016315,0.7474545681552092
4332.9398967812895,0.748263711117024
4336.895023024806,0.7490793779584672
4340.853759524631,0.795365832394996
4344.816109576223,0.7946431666913858
4348.782076478049,0.7955310676962104
4352.751663531583,0.6710085401080376
4356.724874041318,0.6703628798560121
4360.7017113147585,0.8575156108556862
4364.6821786624305,1.0
4368.666279397883,0.8594271241908343
4372.654016837685,0.858732697566269
4376.645394301438,0.7093403911823929
4380.64041511177,0.7453739213128586
4384.639082594346,0.7447490891260832
4388.641400077862,0.7104681843839037
4392.647370894056,0.6808825725275703
4396.656998377705,0.6817350936989981
4400.670285866631,0.6811644804676457
4404.687236701702,0.5861917614249651
4408.707854226837,0.5869914942986998
4412.732141789007,0.6132392047692673
4416.760102738236,0.6127220824619658
4420.79174042761,0.6135510905140493
4424.827058213271,0.6256194129877828
4428.866059454428,0.6314211730632143
4432.908747513354,0.6309254388580947
4436.955125755394,0.6534601646443007
4441.0051975489605,0.6543673772648625
4445.058966265546,0.6538850952613638
4449.116435279716,0.6990253744891851
4453.177607969118,0.699980179127397
4457.242487714484,0.7336248573236476
4461.31107789963,0.733146609337387
4465.3833819114625,0.7341519626561966
4469.459403139976,0.7765950644402004
4473.539144978264,0.7362029401246668
4477.622610822515,0.7357537638902645
4481.709804072017,0.7367931750398545
4485.800728129162,0.7008695899618401
4489.8953863994475,0.7004413362086425
4493.993782291478,0.7000315987277578
4498.095919216974,0.699197486812359
4502.201800590764,0.7002386021256647
4506.311429830797,0.7002612470682759
4510.424810358141,0.6998807116963943
4514.54194559699,0.6597275105036554
4518.662838974659,0.6499422360394187
4522.7874939215935,0.6509521014560289
4526.915913871369,0.6506120566996828
4531.048102260699,0.5718261077133181
4535.184062529429,0.6358005264496872
4539.3237981205475,0.6368260274860312
4543.467312480186,0.6365171699841612
4547.614609057619,0.5631486462977617
4551.765691305272,0.5562462517335326
4555.920562678722,0.5460015686971853
4560.079226636699,0.5457380766970248
4564.2416866410895,0.526067486110766
4568.407946156942,0.5476881327551392
4572.578008652466,0.5486640818522133
4576.75187759904,0.5484263444073744
4580.9295564712065,0.5568894988772212
4585.111048746683,0.5885955257925366
4589.296357906361,0.5975626484808197
4593.485487434308,0.5973436721972453
4597.678440817772,0.6320244571116843
4601.875221547187,0.6331342821727504
4606.07583311617,0.6005665362806314
4610.280279021526,0.6003743783039655
4614.4885627632575,0.5986966251655467
4618.7006878445545,0.5959811748208717
4622.916657771811,0.5901515168699867
4627.136476054618,0.5899878583823781
4631.360146205769,0.5910992200837873
4635.587671741269,0.5921245995418417
4639.8190561803285,0.4746288973660305
4644.054303045372,0.47561925688051954
4648.293415862037,0.47549998352140904
4652.536398159182,0.4936614249776634
4656.783253468886,0.4775263513220962
4661.0339853264495,0.4562926059196348
4665.288597270403,0.4561996869226501
4669.547092842508,0.4428749878405294
4673.8094755877555,0.44386726605946536
4678.075749054373,0.37007637369559515
4682.34591679383,0.3700126530188373
4686.619982360833,0.36177505158381024
4690.897949313338,0.30243039000671335
4695.179821212546,0.3299640731440201
4699.465601622908,0.2583357324558248
4703.755294112131,0.25830401122925256
4708.048902251177,0.25912631325002283
4712.346429614268,0.2599576564011833
4716.6478797788905,0.2718294515182623
4720.953256325791,0.27181846877325294
4725.2625628389915,0.2726783148927389
4729.575802905781,0.2735395319996328
4733.892980116724,0.24717408478571476
4738.214098065662,0.3058843351676895
4742.539160349719,0.30590029014518316
4746.868170569301,0.2314845418788371
4751.201132328099,0.23232690701404068
4755.538049233098,0.26967074947177844
4759.8789248945695,0.3258022443467959
4764.223762926085,0.3258462912470664
4768.572566944513,0.2938447196785829
4772.925340570023,0.3163921022415429
4777.282087426091,0.31736354781715637
4781.642811139496,0.31742940086898447
4786.007515340333,0.31561473204950163
4790.376203662007,0.31659147522513803
4794.7488797412425,0.31757388853595137
4799.125547218079,0.2756470575072251
4803.506209735882,0.2757372181398709
4807.890870941345,0.27668764729598405
4812.279534484484,0.3102946485534848
4816.672204018652,0.3112967617354185
4821.068883200535,0.36009274437493194
4825.469575690156,0.36021862871692534
4829.874285150879,0.3836757447442065
4834.283015249413,0.409730341467859
4838.695769655815,0.46846013475003995
4843.112552043489,0.49698267140744923
4847.533366089194,0.4971552939983951
4851.958215473045,0.5057968244654932
4856.387103878516,0.4997137650542982
4860.820034992445,0.5446547981800137
4865.25701250503,0.546009724919537
4869.698040109844,0.5462222501519055
4874.143121503828,0.44322460844017136
4878.592260387299,0.4444651682408192
4883.045460463949,0.4757051009701565
4887.502725440855,0.4769932345907515
4891.964059028474,0.47722700194167067
4896.429464940652,0.5106586444920616
4900.898946894624,0.5167982373538003
4905.372508611019,0.5133818644132554
4909.850153813862,0.5195482731115552
4914.331886230576,0.5198227306592093
4918.817709591987,0.5212078054662922
4923.30762763233,0.5226000429722367
4927.8016440892425,0.5206697085194774
4932.2997627037785,0.5735624467922897
4936.801987220404,0.5750462690684464
4941.308321387005,0.5753734928496786
4945.818768954888,0.5252351357378023
4950.333333678783,0.5266660768249347
4954.852019316847,0.5100074529118132
4959.37482963067,0.46951065641799317
4963.901768385273,0.46984532510392546
4968.432839349114,0.47123243340457
4972.968046294091,0.48947727574233973
4977.507392995548,0.49089240021853736
4982.05088323227,0.5102501764541955
4986.598520786494,0.5117095436419501
4991.150309443911,0.5120949896013548
4995.706252993666,0.5135737313619565
5000.26635522836,0.5087979910848198
5004.830619944061,0.49096530985961434
5009.399050940299,0.4924206602421148
5013.971652020073,0.467678555915606
5018.548426989852,0.46809007666094743
5023.129379659582,0.4704935769168546
5027.714513842686,0.47195151315947725
5032.303833356066,0.4802101701122346
5036.897342020111,0.47487543652270703
5041.495043658695,0.48316366173979763
5046.096942099183,0.48361949542562904
5050.703041172435,0.49854444109750445
5055.313344712807,0.5000711428291165
5059.927856558152,0.5054955327817233
5064.546580549832,0.5109629679572509
5069.16952053271,0.5364668719656407
5073.796680355163,0.5369824362536018
5078.428063869077,0.5410951321549473
5083.0636749298565,0.5427182107714245
5087.703517396425,0.5443542214000944
5092.347595131228,0.5855930616453219
5096.995912000237,0.5872939984367553
5101.64847187295,0.5878717148981092
5106.305278622401,0.5065848279002535
5110.966336125156,0.5560938458117178
5115.631648261323,0.5098000963368334
5120.3012189145475,0.5054250553219357
5124.975051972024,0.38574579141989096
5129.653151324492,0.32246568571331335
5134.335520866245,0.3229762049977824
5139.02216449513,0.32433238939840037
5143.713086112552,0.2903869517247358
5148.408289623478,0.2917102136794035
5153.107778936439,0.293036539396776
5157.811557963532,0.2907147840978706
5162.519630620428,0.29124553118082364
5167.2320008263705,0.29258244723816634
5171.94867250418,0.2962336120520208
5176.669649580261,0.29759135772871226
5181.394935984596,0.2989596133660772
5186.124535650762,0.3148777752760352
5190.85845251592,0.3202814006281464
5195.596690520831,0.3208675289402238
5200.339253609847,0.31827056276264315
5205.086145730925,0.3196925568800185
5209.837370835624,0.31407273746912495
5214.59293287911,0.2460628982784165
5219.35283582016,0.24738081097343306
5224.117083621163,0.24593727527138012
5228.885680248127,0.2076719367756243
5233.658629670678,0.2082434756538672
5238.435935862069,0.2519794441208889
5243.217602799174,0.21081191244079292
5248.003634462501,0.19336154782286555
5252.7940348361935,0.1946269593695043
5257.588807908028,0.1958988300658688
5262.387957669422,0.19717718592339328
5267.191488115435,0.1977803715445797
5271.9994032447785,0.2683526601538477
5276.811707059807,0.2697709358765005
5281.628403566534,0.2226729069359711
5286.449496774626,0.22401834121251715
5291.274990697411,0.22537056165918548
5296.104889351881,0.1991866652767221
5300.939196758694,0.2005128618252272
5305.777916942179,0.20116125854676495
5310.6210539303365,0.2516290904888178
5315.4686117548445,0.2530512540385459
5320.320594451063,0.25434571653529553
5325.177006058032,0.25578188939698776
5330.037850618482,0.22508849598468003
5334.903132178832,0.22176954969250653
5339.772854789193,0.15593304296884677
5344.647022503376,0.15659502652782284
5349.525639378891,0.15491655284795905
5354.408709476952,0.15918878587123247
5359.2962368624785,0.16049837891655577
5364.1882256041035,0.24375152843327955
5369.08467977417,0.26270827985183326
5373.985603448742,0.26420722981907785
5378.891000707601,0.3102722307275435
5383.800875634256,0.37554467101563455
5388.715232315941,0.3764123872584119
5393.63407484362,0.3826575720639978
5398.557407311993,0.38439941554807544
5403.485233819499,0.38614583569636257
5408.4175584683135,0.35999296932132674
5413.354385364361,0.31721768301041814
5418.295718617312,0.2558354581429098
5423.241562340589,0.25737469316244665
5428.191920651368,0.25892476644888496
5433.1467976705835,0.2604792200565026
5438.106197522935,0.26132269548890585
5443.070124336879,0.3102798878018527
5448.038582244651,0.3119387833452497
5453.011575382249,0.38486043190936925
5457.989107889453,0.43721912033126387
5462.971183909818,0.454277686534463
5467.957807590683,0.4562185187910189
5472.94898308317,0.4581686723185875
5477.9447145421955,0.4025634165975589
5482.945006126462,0.2897147604034239
5487.949861998475,0.2906418725063531
5492.959286324534,0.20729480956701923
5497.973283274744,0.20881906241357331
5502.991857023017,0.2103478874880925
5508.015011747072,0.2973804678906431
5513.042751628444,0.2830842890669168
5518.075080852486,0.28477213369365717
5523.1120036083685,0.27670097590159776
5528.153524089087,0.2783804756965747
5533.199646491466,0.24890488703450311
5538.250375016158,0.250542286051931
5543.305713867652,0.2515023265864189
5548.365667254274,0.2531583430158624
5553.430239388192,0.25482559425002754
5558.499434485417,0.28243877074345125
5563.5732567658115,0.2841654889751714
5568.651710453088,0.2859006379584829
5573.734799774814,0.3288008281735602
5578.822528962418,0.3306387326007988
5583.914902251188,0.3242628333953385
5589.01192388028,0.3346721877287265
5594.113598092719,0.3279377767862813
5599.219929135405,0.32978863995329577
5604.33092125911,0.3402781748130669
5609.446578718491,0.3414029671565377
5614.566905772086,0.47726456590477256
5619.691906682319,0.5272483014626689
5624.821585715509,0.5295175668663928
5629.955947141866,0.5317976470752912
5635.094995235499,0.5340885925814433
5640.238734274417,0.5077854237563576
5645.387168540535,0.5100499803265287
5650.540302319679,0.5505605594251334
5655.698139901581,0.5145989750891794
5660.860685579897,0.5168876700191393
5666.027943652194,0.49526997095088543
5671.199918419968,0.49754083305857105
5676.376614188637,0.4840376378970951
5681.558035267552,0.48153355419230026
5686.744185969997,0.4829057351156883
5691.935070613192,0.4851694115818282
5697.130693518299,0.3477414211343398
5702.331059010424,0.34974631218066476
5707.53617141862,0.3759333948108297
5712.746035075893,0.37800717459817834
5717.960654319206,0.455015519144998
5723.180033489474,0.45725952541497894
5728.404176931583,0.44581264832137535
5733.633088994377,0.4480575975656027
5738.866774030677,0.38649040099829235
5744.105236397273,0.3508370673592834
5749.348480454932,0.3528956356732465
5754.596510568401,0.2873937325951422
5759.849331106415,0.3570460775625091
5765.106946441693,0.41701528007922684
5770.369360950946,0.4192388787173813
5775.636579014882,0.30643151031564797
5780.908605018206,0.33088982174252113
5786.1854433496255,0.3329493983404947
5791.467098401854,0.3342997119501222
5796.753574571617,0.3363817044034854
5802.044876259649,0.33847050778665294
5807.341007870705,0.34056615597961637
5812.641973813559,0.3583916442054224
5817.947778501011,0.25495673077445363
5823.258426349888,0.22703420191663204
5828.573921781048,0.22891848778961515
5833.894269219384,0.23080921101311735
5839.219473093831,0.13994555343569548
5844.5495378373635,0.23461287364657873
5849.884467887005,0.24215818263192151
5855.224267683826,0.24409839414084514
5860.568941672955,0.2538505662146847
5865.918494303574,0.31062002665851224
5871.272930028929,0.31272311053821605
5876.632253306331,0.3148364090662376
5881.996468597157,0.29867989237868225
5887.365580366857,0.3007794842951129
5892.73959308496,0.3028862484773392
5898.118511225072,0.2803791587022561
5903.5023392648845,0.31582070282377994
5908.891081686174,0.3179746269018591
5914.284742974809,0.3201420845793643
5919.6833276207535,0.34756556899558144
5925.086840118069,0.3498107874866379
5930.49528496492,0.2983642047725961
5935.908666663575,0.36747663788791274
5941.3269897204145,0.37044980645923903
5946.750258645933,0.32383557570991656
5952.178477954739,0.32605605734180726
5957.611652165564,0.32828424187919963
5963.049785801264,0.33052324063767047
5968.492883388823,0.3015480120892961
5973.94094945936,0.30374033392871674
5979.393988548126,0.30594626208594217
5984.8520051945125,0.2776891980084635
5990.315003942057,0.2792169932450029
5995.782989338442,0.2813779234376175
6001.255965935504,0.283549373813397
6006.73393828923,0.28573139372152107
6012.216910959769,0.3006995019649799
6017.704888511434,0.3029383749767737
6023.197875512699,0.2711543629245396
6028.695876536212,0.2829189243774491
6034.198896158796,0.285127222772737
6039.706938961448,0.28734908772824247
6045.220009529349,0.33453352430190925
6050.738112451865,0.3368833204951322
6056.261252322551,0.3392414854572075
6061.789433739155,0.41792335397550107
6067.322661303622,0.4006576347633227
6072.860939622096,0.4031884449551638
6078.40427330493,0.40573475226514855
6083.95266696668,0.40829007329308886
6089.506125226118,0.41085444900540513
6095.064652706229,0.3426691679929732
6100.628254034221,0.34509105176726007
6106.196933841524,0.3937839492496753
6111.770696763795,0.4061506895835789
6117.349547440925,0.4398772153706393
6122.933490517036,0.4425549814455903
6128.5225306404955,0.4696269055355975
6134.116672463906,0.47239695691750644
6139.715920644125,0.46304891593665504
6145.320279842255,0.4658089988986768
6150.929754723656,0.4685823760573269
6156.544349957944,0.4393553716458703
6162.164070219002,0.4741796455753293
6167.788920184974,0.4448210391451496
6173.418904538278,0.4801122059131298
6179.054027965606,0.44608162808551016
6184.694295157925,0.47568443518962616
6190.339710810488,0.4785315876979261
6195.990279622829,0.48139588754172774
6201.646006298776,0.4592870074340648
6207.3068955464505,0.4621093504896024
6212.972952078268,0.3809650813858531
6218.644180610949,0.37320801413859955
6224.320585865518,0.363748523296879
6230.002172567309,0.3478446018615143
6235.688945445969,0.3504200407178369
6241.380909235462,0.353005013414582
6247.078068674077,0.31289583219565065
6252.780428504421,0.2813472582466054
6258.487993473436,0.28377874166453504
6264.2007683323955,0.2862193724668804
6269.918757836909,0.2940247842633476
6275.641966746927,0.29650019647626613
6281.370399826746,0.3518969668339211
6287.10406184501,0.35453568733531077
6292.842957574718,0.35718996607596004
6298.587091793222,0.35985414507622443
6304.33646928224,0.380114006518042
6310.091094827849,0.389402994987996
6315.850973220501,0.3921688902503595
6321.616109255015,0.45066159546727375
6327.38650773059,0.4253647388439954
6333.162173450804,0.42823945460381274
6338.9431112236225,0.41413418791581413
6344.729325861398,0.37354187356898383
6350.520822180873,0.37630430286296124
6356.317605003192,0.3790770751959676
6362.119679153895,0.44799796242802004
6367.927049462932,0.4584306860479338
6373.739720764657,0.4614397829791603
6379.5576978978415,0.4569657556870063
6385.380985705669,0.467504267393295
6391.209589035748,0.4031474563938982
6397.043512740109,0.37789209045462596
6402.882761675212,0.4089273298336984
6408.727340701953,0.4321442000876806
6414.577254685661,0.41477125686248806
6420.432508496107,0.4381258040587683
6426.293107007511,0.45949116489105574
6432.159055098535,0.46256213722247685
6438.030357652301,0.5458597653861271
6443.9070195563845,0.5438992098884841
6449.789045702826,0.47187520409734
6455.676440988125,0.4439701209568278
6461.569210313258,0.47313251474424317
6467.46735858367,0.45010660331922364
6473.370890709288,0.4043795725657415
6479.279811604514,0.4073512244867371
6485.194126188244,0.4463872413917179
6491.113839383858,0.4494836098917191
6497.038956119233,0.45861436840764924
6502.969481326744,0.48270302635721407
6508.905419943267,0.464922760055731
6514.846776910184,0.49919796216480183
6520.7935571733915,0.43796086372486986
6526.745765683295,0.43019404685728274
6532.703407394823,0.4378187825062295
6538.666487267425,0.44094108101084445
6544.635010265079,0.44407502241502594
6550.608981356289,0.44722358154779657
6556.588405514104,0.4503868095558741
6562.573287716104,0.45774419098409047
6568.563632944414,0.531636726342707
6574.559446185709,0.5350593575483765
6580.560732431217,0.5384945824277243
6586.567496676717,0.46084011762738447
6592.579743922552,0.4496461140505253
6598.597479173629,0.4528587296827034
6604.6207074394215,0.3685861417071551
6610.649433733979,0.4188592814052
6616.683663075924,0.4219977336939044
6622.723400488463,0.4251533860040498
6628.768650999386,0.41362298606570264
6634.819419641073,0.41676529504061594
6640.875711450499,0.41991923806610454
6646.937531469233,0.41012633955023126
6653.004884743451,0.32379466229786413
6659.07777632393,0.3266995562633994
6665.156211266061,0.3296152914573526
6671.240194629849,0.3325418881545695
6677.3297314799165,0.33871275256883915
6683.424826885509,0.3416777295518344
6689.525485920502,0.3235249507533635
6695.631713663399,0.2897174804004221
6701.7435151973405,0.22800286573856704
6707.860895610107,0.14527912787068695
6713.983859994124,0.16253537298587775
6720.112413446465,0.15013056603406458
6726.246561068854,0.1274547093503409
6732.386307967675,0.12983106670863365
6738.531659253971,0.10992495974408563
6744.682620043451,0.0848234378736921
6750.839195456494,0.08708692185632645
6757.001390618153,0.08935901047976022
6763.169210658158,0.09686190364430923
6769.342660710922,0.09916789739797692
6775.5217459155465,0.10148541081594886
6781.7064714158205,0.24923849652112834
6787.896842360232,0.2520109049391477
6794.092863901966,0.2547933902910928
6800.294541198913,0.2575879289053977
6806.501879413669,0.2965796548524398
6812.7148837135455,0.38258441690546713
6818.933559270568,0.3857759000547874
6825.157911261487,0.38897862598258026
6831.3879448677735,0.3921950276381482
6837.6236652756315,0.3954275570179569
6843.865077675998,0.42536053472109653
6850.112187264549,0.42870129066494506
6856.364999241701,0.43205358359267515
6862.623518812621,0.28485960500716884
6868.887751187223,0.2657144045341263
6875.15770158018,0.29072446042616373
6881.433375210923,0.2936741862954424
6887.71477730365,0.3152993841651892
6894.001913087324,0.33062687083725983
6900.294787795684,0.33370797219775084
6906.593406667244,0.41371025979960435
6912.897774945303,0.42037524735645676
6919.207897877942,0.4204015849317731
6925.523780718035,0.42711410627323354
6931.845428723252,0.4437884840989082
6938.172847156058,0.4339147942917332
6944.5060412837265,0.4506982511433818
6950.8450163783355,0.4953285293725403
6957.189777716776,0.49894295239007336
6963.540330580758,0.502574321042565
6969.89668025681,0.45258457396508284
6976.258832036287,0.4560735321531308
6982.626791215375,0.3888208487155572
6989.000563095092,0.45147274735389575
6995.380152981298,0.43799038046596833
7001.765566184693,0.40248007953028625
7008.156808020826,0.44491389852116775
7014.553883810099,0.40918546915855764
7020.956798877771,0.4518224173586825
7027.365558553956,0.4119874885984605
7033.780168173643,0.41588402142292186
7040.200633076682,0.4093442698458613
7046.626958607802,0.3656245196643301
7053.059150116611,0.3356784610799771
7059.497212957596,0.41594768600569443
7065.941152490138,0.3582936086500246
7072.390974078503,0.3810209509300748
7078.84668309186,0.38431990268540717
7085.308284904273,0.3684671008600931
7091.775784894715,0.39095895425151866
7098.249188447071,0.3661998567391186
7104.728500950135,0.36945705213974295
7111.2137277976235,0.47691362361060835
7117.704874388175,0.5294342878413191
7124.2019461253585,0.5332070154403588
7130.704948417672,0.536989727541539
7137.213886678552,0.5128711083674047
7143.728766326377,0.35417904919618415
7150.249592784468,0.38107473196180697
7156.776371481103,0.4582127102969541
7163.309107849507,0.3877022154440905
7169.847807327872,0.3671384480125409
7176.392475359349,0.35529293585693383
7182.943117392058,0.33329051652842356
7189.499738879096,0.3364471713797049
7196.062345278532,0.3396132528741171
7202.630942053422,0.4087676685476428
7209.205534671803,0.5015686941059095
7215.786128606711,0.568359491245046
7222.372729336172,0.5722494735748244
7228.965342343213,0.3605739007484318
7235.563973115868,0.3638100709818572
7242.16862714718,0.36705698798515946
7248.779309935204,0.40731580935664646
7255.396026983016,0.4404640067298072
7262.018783798713,0.4439441462422706
7268.6475858954245,0.4474354546680507
7275.282438791306,0.6010945501954416
7281.9233480095545,0.605662996499414
7288.570319078407,0.516360887263423
7295.223357531147,0.47630940217451684
7301.8824689061075,0.4798900044779881
7308.54765874668,0.36174268206357957
7315.218932601313,0.3653593411247357
7321.89629602352,0.3685823635622671
7328.579754571888,0.3334256732183436
7335.26931381007,0.3365463195734943
7341.964979306806,0.36789915351063235
7348.66675663591,0.5324956011725837
7355.374651376296,0.5582947986953858
7362.088669111957,0.5620984553669712
7368.808815431994,0.5659118622517658
7375.535095930603,0.5840296910891466
7382.267516207089,0.4641051445944121
7389.006081865867,0.4214238922332159
7395.75079851647,0.424779299019591
7402.50167177355,0.4281420179932704
7409.258707256883,0.43193580836243906
7416.021910591375,0.4534216072378051
7422.79128740707,0.45685415541610125
7429.566843339145,0.4001984277910469
7436.348584027925,0.46418055733744296
7443.136515118884,0.48114329736709754
7449.930642262647,0.48463379393128064
7456.730971114998,0.5250880622317399
7463.537507336883,0.5287033059074745
7470.350256594415,0.5328079852354768
7477.169224558883,0.5356126310239262
7483.994416906745,0.3978705668479875
7490.825839319648,0.41207446838887324
7497.66349748442,0.5043268530379377
7504.507397093085,0.5078269343801213
7511.357543842859,0.5113289983315181
7518.213943436157,0.5212245982555072
7525.076601580606,0.5368027268765729
7531.945523989035,0.5318705133930072
7538.820716379492,0.5477248941903516
7545.7021844752435,0.5513013379861801
7552.589934004782,0.5553676363708393
7559.483970701824,0.5589434496608512
7566.384300305327,0.529539000667714
7573.290928559481,0.533016800518718
7580.203861213723,0.5824645503862136
7587.123104022734,0.5860770674496223
7594.048662746454,0.5896858432751364
7600.980543150073,0.3609502180086561
7607.918751004051,0.13495924165804915
7614.863292084112,0.13722324993202883
7621.814172171252,0.297420784175715
7628.77139705174,0.3001328709752424
7635.734972517136,0.3031273680653824
7642.704904364278,0.26100435356294
7649.681198395301,0.2635795783834339
7656.663860417633,0.33915824987247234
7663.652896244004,0.31678111521239055
7670.648311692449,0.3450074009928573
7677.650112586316,0.3962829826681754
7684.658304754266,0.5747478143745649
7691.672894030283,0.578125179348031
7698.693886253672,0.5814978227074473
7705.7212872690725,0.6166988994657978
7712.7551029264605,0.7266682887738748
7719.795339081144,0.730395382760511
7726.842001593783,0.6908629443649492
7733.895096330385,0.6442755721551084
7740.954629162311,0.6482367988022205
7748.020605966284,0.6516728403412646
7755.093032624388,0.6246627615197711
7762.171915024078,0.6284934553318752
7769.257259058182,0.6318188216112388
7776.349070624908,0.5511363303034067
7783.447355627849,0.39937676815695006
7790.552119975984,0.5577183034008001
7797.66336958369,0.5040614872837406
7804.7811103707345,0.5069587931855337
7811.905348262299,0.510238435473591
7819.036089188968,0.5131083782387379
7826.1733390867375,0.4763303005597031
7833.317103897027,0.46227622524875583
7840.467389566675,0.448914496928703
7847.624202047951,0.45154503997454626
7854.787547298556,0.4541622410829267
7861.957431281631,0.6652946830145857
7869.13385996576,0.6683875837172962
7876.316839324972,0.5728794042273613
7883.506375338754,0.5694526626056885
7890.702473992044,0.4640627371432458
7897.905141275254,0.4665733875056482
7905.114383184255,0.49018727938667517
7912.330205720393,0.5164300113540771
7919.552614890494,0.6322467972911537
7926.781616706864,0.6350455401957796
7934.017217187301,0.6279095791368122
7941.259422355091,0.6051709725941163
7948.508238239027,0.5941031846350922
7955.763670873394,0.5959450865749498
7963.025726297993,0.5734891104756261
7970.294410558133,0.5759799537921629
7977.569729704645,0.5788674310170422
7984.851689793884,0.5737333062507914
7992.140296887729,0.5571318471096932
7999.4355570535945,0.5217558530950236
8006.737476364435,0.5621774000311935
8014.046060898743,0.6825666504395234
8021.361316740567,0.6855450113274218
8028.6832499795055,0.6302376144494897
8036.011866710714,0.4367607323090668
8043.347173034911,0.39765846362257123
8050.68917505839,0.3994627958065114
8058.037878893011,0.4012395567418612
8065.393290656218,0.5504561123680103
8072.755416471035,0.552455393021426
8080.12426246608,0.554422050800799
8087.499834775562,0.5567395295693903
8094.882139539287,0.5313583490255926
8102.271182902672,0.615727477350917
8109.666971016737,0.6194037960919863
8117.069510038123,0.6213032285759503
8124.478806129084,0.623167177914418
8131.894865457503,0.6208625645683385
8139.317694196894,0.4819367342642799
8146.747298526404,0.483460294251795
8154.18368463082,0.4307278715960703
8161.626858700574,0.43210075740918547
8169.076826931754,0.508603430246377
8176.533595526095,0.43503812672080794
8183.997170691003,0.45044928252862126
8191.467558639542,0.45170373223807603
8198.94476559045,0.4532282262217874
8206.428797768143,0.4544119741957373
8213.919661402717,0.4452092587276663
8221.417362729955,0.44660088277798266
8228.921907991333,0.44766106381340315
8236.433303434025,0.5085671664092313
8243.951555310905,0.6114059196274937
8251.476669880552,0.6147182654721678
8259.008653407267,0.6162196707583161
8266.54751216106,0.43194527271244243
8274.093252417671,0.3899401397160814
8281.645880458564,0.2465928869272147
8289.205402570937,0.24712578995209833
8296.77182504773,0.5412256776973512
8304.345154187624,0.5529251860215113
8311.925396295053,0.543012470968798
8319.512557680202,0.33959197420746934
8327.106644659018,0.34766510313248866
8334.707663553212,0.34806268411933144
8342.315620690268,0.3486447509262856
8349.930522403442,0.18151654925198285
8357.552375031775,0.18178901045094076
8365.181184920091,0.16379067117833598
8372.816958419007,0.268589143073699
8380.459701884936,0.32021150121714576
8388.1094216801,0.32030647780993765
8395.766124172513,0.41099727109614315
8403.429815736017,0.4378188828791142
8411.100502750267,0.4378428860857391
8418.778191600735,0.4071880738308326
8426.462888678734,0.40710639171439045
8434.1546003814,0.28334249172632536
8441.853333111714,0.2833137173375508
8449.559093278503,0.28306257891322684
8457.271887296436,0.46353759202210826
8464.991721586046,0.4724721765967427
8472.718602573723,0.5325207189343473
8480.452536691724,0.5094223321151896
8488.193530378176,0.5138834317101556
8495.941590077082,0.5137163232976051
8503.696722238332,0.5515813349057423
8511.458933317697,0.5853094939779517
8519.228229776847,0.5850246266425652
8527.004618083343,0.6076957819270377
8534.78810471066,0.3881889782843604
8542.578696138171,0.675268522784003
8550.376398851171,0.6742894737699446
8558.181219340868,0.6737593997580121
8565.993164104404,0.6727382960202447
8573.812239644845,0.33944205688444773
8581.638452471196,0.33843363619553524
8589.4718090984,0.6664562572843413
8597.312316047351,0.6651965548183622
8605.159979844893,0.6638750262006802
8613.014807023832,0.5854316472235087
8620.876804122925,0.5473905452600952
8628.745977686915,0.546320290733127
8636.622334266503,0.658143938709262
8644.505880418383,0.6569449463280314
8652.39662270522,0.4511738701513805
8660.294567695686,0.26182650577950445
8668.199721964435,0.44827003923981185
8676.112092092126,0.7911438998760639
8684.03168466543,0.8951584222876195
8691.958506277022,0.7874805342880294
8699.892563525602,0.37756761793850324
8707.833863015892,0.3757548070384894
8715.782411358641,0.4006713109936258
8723.73821517063,0.4951691322137269
8731.701281074687,0.39701301386302845
8739.671615699677,0.34911266936665974
8747.649225680521,0.34708751942818855
8755.634117658197,0.28707206618665176
8763.62629827974,0.624177610468671
8771.625774198257,0.25640347919828027
8779.63255207293,0.6194035678452758
8787.646638569011,0.8334383294172093
8795.668040357843,0.6449161273282005
8803.696764116858,0.6420757790625344
8811.73281652958,0.310066617177881
8819.776204285638,0.3076668446610791
8827.826934080762,0.9969279076337438
8835.885012616802,0.9932199189309238
8843.950446601713,0.6315617485251033
8852.023242749588,0.548907665353151
8860.103407780638,0.5230808168728979
8868.190948421208,0.5184229532358436
8876.285871403792,0.5151290654885966
8884.388183467021,0.41653811082322323
8892.49789135568,0.3471305977915159
8900.615001820708,0.0
8908.739521619214,0.20380729062150327
8916.871457514464,0.20470346353886798
8925.010816275908,0.6617914023838054
8933.157604679165,0.6537525927878365
8941.31182950605,0.6449482934774088
8949.473497544557,0.49321016510277155
8957.642615588884,0.48802384347310623
8965.819190439432,0.48314525169401307
8974.003228902799,0.49529930571545366
8982.19473779181,0.5540783076788292
8990.393723925496,0.5715289942151711
8998.60019412912,0.538079447461281
9006.814155234177,0.43189155321088074
9015.035614078388,0.4288108741894109
9023.264577505728,0.3134755754725664
9031.501052366406,0.3167834737313048
9039.745045516898,0.292052094911337
9047.996563819926,0.3369607088887212
9056.255614144484,0.3400032265146175
9064.522203365834,0.3433536221391061
9072.796338365511,0.34308964381016205
9081.078026031339,0.3279103623012955
9089.36727325742,0.22380033877666786
9097.664086944154,0.3438688802518185
9105.96847399824,0.37311578542856566
9114.28044133268,0.37609035048716616
9122.599995866785,0.3790754765298528
9130.927144526186,0.33651148432888
9139.261894242833,0.337569864736789
9147.604251955001,0.3469651994174604
9155.954224607307,0.35592822817999276
9164.311819150695,0.38308554644370707
9172.677042542464,0.3857784014119138
9181.049901746259,0.3992891102209741
9189.43040373208,0.4020363346992957
9197.818555476295,0.3944729553618221
9206.214363961633,0.39509368018539687
9214.617836177204,0.4007350908877623
9223.02897911849,0.40728095985211293
9231.447799787364,0.41016650184880765
9239.87430519209,0.4125153336914388
9248.308502347329,0.4136008994009158
9256.750398274142,0.41396817673667874
